method replica alignment factor nl ei1 ei2 fp fn rf
fastTree 20 0005 0 
fastTree 20 0005 1 
fastTree 20 0005 2 
fastTree 20 0005 3 
fastTree 20 0005 4 
fastTree 20 0005 5 
fastTree 20 0005 6 
fastTree 20 0005 7 
fastTree 20 0005 8 
fastTree 20 0005 9 
method replica alignment factor nl ei1 ei2 fp fn rf
method replica alignment factor nl ei1 ei2 fp fn rf
fastTree 20 0005 0 1001 998 998 340 340 0.340681
fastTree 20 0005 0 1001 998 998 340 340 0.340681
fastTree 20 0005 1 1001 998 998 456 456 0.456914
fastTree 20 0005 1 1001 998 998 456 456 0.456914
fastTree 20 0005 2 1001 998 998 547 547 0.548096
fastTree 20 0005 2 1001 998 998 547 547 0.548096
fastTree 20 0005 3 1001 998 998 726 726 0.727455
fastTree 20 0005 3 1001 998 998 726 726 0.727455
fastTree 20 0005 4 1001 998 998 859 859 0.860721
fastTree 20 0005 4 1001 998 998 859 859 0.860721
fastTree 20 0005 5 1001 998 998 963 963 0.964930
fastTree 20 0005 5 1001 998 998 963 963 0.964930
fastTree 20 0005 6 1001 998 998 990 990 0.991984
fastTree 20 0005 6 1001 998 998 990 990 0.991984
fastTree 20 0005 7 1001 998 998 997 997 0.998998
fastTree 20 0005 7 1001 998 998 997 997 0.998998
fastTree 20 0005 8 1001 998 998 998 998 1.000000
fastTree 20 0005 8 1001 998 998 998 998 1.000000
fastTree 20 0005 9 1001 998 998 998 998 1.000000
fastTree 20 0005 9 1001 998 998 998 998 1.000000
