filename,p-distance,min,max
0-tryfinal_fa1_hh0_TRUE.phy, 0.6799860552502394 0.000666666667 0.791554959786
0-tryfinal_fa1_ll0_TRUE.phy, 0.6831426483756817 0.000666666667 0.787716955941
1-tryfinal_fa1_hh0_TRUE.phy, 0.7710670920486471 0.000664451827 0.793195463642
1-tryfinal_fa1_ll0_TRUE.phy, 0.7702373195038502 0.002 0.79653102068
2-tryfinal_fa1_hh0_TRUE.phy, 0.7875324417629131 0.000667111408 0.804551539491
2-tryfinal_fa1_ll0_TRUE.phy, 0.7872287508587786 0.000664451827 0.798532354903
3--1-tryfinal_fa1_hh0_TRUE.phy, 0.4917184112092057 0.000993048659 0.784784784785
3--1-tryfinal_fa1_hh1_TRUE.phy, 0.4975263697587921 0.001 0.786786786787
3--1-tryfinal_fa1_hh2_TRUE.phy, 0.487853814164258 0.001 0.783
3--1-tryfinal_fa1_hh3_TRUE.phy, 0.48269995923959774 0.001 0.778
3--1-tryfinal_fa1_hh4_TRUE.phy, 0.482644317596454 0.001 0.780904522613
3--1-tryfinal_fa1_ll0_TRUE.phy, 0.4855154884206047 0.001 0.792510121457
3--1-tryfinal_fa1_ll1_TRUE.phy, 0.4922491718057918 0.001 0.780120481928
3--1-tryfinal_fa1_ll2_TRUE.phy, 0.4842403212551754 0.001 0.779116465863
3--1-tryfinal_fa1_ll3_TRUE.phy, 0.48664361522258887 0.000999000999 0.806
3--1-tryfinal_fa1_ll4_TRUE.phy, 0.48724332338511084 0.001 0.783567134269
3--2-tryfinal_fa1_hh0_TRUE.phy, 0.26618885128685105 0.000999000999 0.774
3--2-tryfinal_fa1_hh1_TRUE.phy, 0.2622947453060037 0.001 0.786573146293
3--2-tryfinal_fa1_hh2_TRUE.phy, 0.26417384057157345 0.001 0.766
3--2-tryfinal_fa1_hh3_TRUE.phy, 0.2518424679388298 0.001 0.777889447236
3--2-tryfinal_fa1_hh4_TRUE.phy, 0.2567683049950995 0.001 0.77
3--2-tryfinal_fa1_ll0_TRUE.phy, 0.2554317537537535 0.001 0.776
3--2-tryfinal_fa1_ll1_TRUE.phy, 0.2662964756408055 0.001 0.759
3--2-tryfinal_fa1_ll2_TRUE.phy, 0.264565092685926 0.001 0.770623742455
3--2-tryfinal_fa1_ll3_TRUE.phy, 0.2614501389044357 0.001 0.765
3--2-tryfinal_fa1_ll4_TRUE.phy, 0.2578271904020463 0.001 0.772
3--3-tryfinal_fa1_hh0_TRUE.phy, 0.10813601679213126 0.001 0.716432865731
3--3-tryfinal_fa1_hh1_TRUE.phy, 0.10770560026092155 0.001 0.723
3--3-tryfinal_fa1_hh2_TRUE.phy, 0.11684368851763795 0.001 0.69
3--3-tryfinal_fa1_hh3_TRUE.phy, 0.11008659888917935 0.001 0.71
3--3-tryfinal_fa1_hh4_TRUE.phy, 0.11848742716690643 0.001 0.737
3--3-tryfinal_fa1_ll0_TRUE.phy, 0.11244108108108139 0.001 0.716
3--3-tryfinal_fa1_ll1_TRUE.phy, 0.1102996756756757 0.001 0.718
3--3-tryfinal_fa1_ll2_TRUE.phy, 0.11338404804804827 0.001 0.731
3--3-tryfinal_fa1_ll3_TRUE.phy, 0.11404640440440435 0.001 0.722
3--3-tryfinal_fa1_ll4_TRUE.phy, 0.10964899879037361 0.001 0.72
3--4-tryfinal_fa1_hh0_TRUE.phy, 0.036951359359359365 0.001 0.515
3--4-tryfinal_fa1_hh1_TRUE.phy, 0.04137952152152149 0.001 0.542
3--4-tryfinal_fa1_hh2_TRUE.phy, 0.04400726926926936 0.001 0.503
3--4-tryfinal_fa1_hh3_TRUE.phy, 0.04133069669669662 0.001 0.529
3--4-tryfinal_fa1_hh4_TRUE.phy, 0.039735205205205244 0.001 0.508
3--4-tryfinal_fa1_ll0_TRUE.phy, 0.042604620620620516 0.001 0.532
3--4-tryfinal_fa1_ll1_TRUE.phy, 0.0460299110742304 0.001 0.526
3--4-tryfinal_fa1_ll2_TRUE.phy, 0.043248804804804794 0.001 0.511
3--4-tryfinal_fa1_ll3_TRUE.phy, 0.03979520720720723 0.001 0.51
3--4-tryfinal_fa1_ll4_TRUE.phy, 0.03837417217217218 0.001 0.505
3-0-tryfinal_fa1_hh0_TRUE.phy, 0.6814692010107248 0.001 0.805
3-0-tryfinal_fa1_hh1_TRUE.phy, 0.6813054808084945 0.001 0.802407221665
3-0-tryfinal_fa1_hh2_TRUE.phy, 0.6826290987026248 0.001 0.798
3-0-tryfinal_fa1_hh3_TRUE.phy, 0.683513828586501 0.001 0.798
3-0-tryfinal_fa1_hh4_TRUE.phy, 0.6844535754597122 0.001 0.796
3-0-tryfinal_fa1_ll0_TRUE.phy, 0.683775982082111 0.000991080278 0.804
3-0-tryfinal_fa1_ll1_TRUE.phy, 0.6870157757124976 0.001 0.805443548387
3-0-tryfinal_fa1_ll2_TRUE.phy, 0.6811067981848745 0.000997008973 0.805
3-0-tryfinal_fa1_ll3_TRUE.phy, 0.6850845006388583 0.001 0.801
3-0-tryfinal_fa1_ll4_TRUE.phy, 0.6852398581266019 0.001 0.802
3-1-tryfinal_fa1_hh0_TRUE.phy, 0.7707253410160002 0.000986193294 0.813
3-1-tryfinal_fa1_hh1_TRUE.phy, 0.7708124186179466 0.000988142292 0.804
3-1-tryfinal_fa1_hh2_TRUE.phy, 0.7708370702744098 0.001006036217 0.813576494428
3-1-tryfinal_fa1_hh3_TRUE.phy, 0.7714157924282419 0.000995024876 0.81
3-1-tryfinal_fa1_hh4_TRUE.phy, 0.7704948509253908 0.000996015936 0.808
3-1-tryfinal_fa1_ll0_TRUE.phy, 0.7717245141211546 0.000996015936 0.81
3-1-tryfinal_fa1_ll1_TRUE.phy, 0.7704605303730288 0.001 0.807
3-1-tryfinal_fa1_ll2_TRUE.phy, 0.7705461961754966 0.002 0.805
3-1-tryfinal_fa1_ll3_TRUE.phy, 0.7712247748101001 0.001 0.805805805806
3-1-tryfinal_fa1_ll4_TRUE.phy, 0.7703080957820874 0.001 0.804020100503
3-2-tryfinal_fa1_hh0_TRUE.phy, 0.7872385109083546 0.001001001001 0.810810810811
3-2-tryfinal_fa1_hh1_TRUE.phy, 0.7871183592670065 0.001 0.811301715439
3-2-tryfinal_fa1_hh2_TRUE.phy, 0.7872600602123103 0.001953125 0.808
3-2-tryfinal_fa1_hh3_TRUE.phy, 0.7872201898404056 0.001003009027 0.807615230461
3-2-tryfinal_fa1_hh4_TRUE.phy, 0.7872350696837527 0.001002004008 0.816032887975
3-2-tryfinal_fa1_ll0_TRUE.phy, 0.7873210590950488 0.001 0.807653575025
3-2-tryfinal_fa1_ll1_TRUE.phy, 0.7871567505524177 0.001 0.812627291242
3-2-tryfinal_fa1_ll2_TRUE.phy, 0.787384033100583 0.001 0.816
3-2-tryfinal_fa1_ll3_TRUE.phy, 0.7872130851340915 0.001001001001 0.809
3-2-tryfinal_fa1_ll4_TRUE.phy, 0.7874629229021912 0.001 0.811111111111
3-3-tryfinal_fa1_hh0_TRUE.phy, 0.7891679523589954 0.000991080278 0.810431293882
3-3-tryfinal_fa1_hh1_TRUE.phy, 0.7891588798486995 0.000968054211 0.807497467072
3-3-tryfinal_fa1_hh2_TRUE.phy, 0.7894745306392258 0.000988142292 0.811740890688
3-3-tryfinal_fa1_hh3_TRUE.phy, 0.7894494330233384 0.001 0.806981519507
3-3-tryfinal_fa1_hh4_TRUE.phy, 0.7892570541302854 0.000999000999 0.814141414141
3-3-tryfinal_fa1_ll0_TRUE.phy, 0.7893447048009471 0.000991080278 0.809
3-3-tryfinal_fa1_ll1_TRUE.phy, 0.7894725818176931 0.001 0.807615230461
3-3-tryfinal_fa1_ll2_TRUE.phy, 0.789344715879622 0.000993048659 0.809
3-3-tryfinal_fa1_ll3_TRUE.phy, 0.7893933404808963 0.000991080278 0.814024390244
3-3-tryfinal_fa1_ll4_TRUE.phy, 0.7892621264754267 0.001 0.819374369324
3_3-tryfinal_fa1_ll0_TRUE.phy, 0.6057827290357384 0.000999000999 0.808383233533
