filename,p-distance,min,max
3_-1-tryfinal_fa1_hh0_TRUE.phy, 0.0 1 0
3_-1-tryfinal_fa1_hh1_TRUE.phy, 0.4237119472305215 0.001 0.796593186373
3_-1-tryfinal_fa1_hh2_TRUE.phy, 0.4227380179130719 0.001 0.789
3_-1-tryfinal_fa1_hh3_TRUE.phy, 0.4300738389183778 0.001 0.785
3_-1-tryfinal_fa1_hh4_TRUE.phy, 0.427151764484848 0.001 0.792
3_-1-tryfinal_fa1_ll0_TRUE.phy, 0.42613890795252524 0.000998003992 0.786
3_-1-tryfinal_fa1_ll1_TRUE.phy, 0.4227438557895911 0.001 0.789
3_-1-tryfinal_fa1_ll2_TRUE.phy, 0.42822521564987653 0.000999000999 0.803212851406
3_-1-tryfinal_fa1_ll3_TRUE.phy, 0.4320316244037295 0.001 0.796
3_-1-tryfinal_fa1_ll4_TRUE.phy, 0.4247876767800938 0.001 0.785
3_-2-tryfinal_fa1_hh0_TRUE.phy, 0.2529750469150728 0.001 0.752
3_-2-tryfinal_fa1_hh1_TRUE.phy, 0.2544399420971299 0.000999000999 0.737
3_-2-tryfinal_fa1_hh2_TRUE.phy, 0.25374547689347665 0.001 0.764
3_-2-tryfinal_fa1_hh3_TRUE.phy, 0.25566890346334253 0.001 0.756294058409
3_-2-tryfinal_fa1_hh4_TRUE.phy, 0.2429216204667743 0.001 0.757
3_-2-tryfinal_fa1_ll0_TRUE.phy, 0.2555177650290626 0.000998003992 0.752
3_-2-tryfinal_fa1_ll1_TRUE.phy, 0.24719091729883352 0.000994035785 0.768
3_-2-tryfinal_fa1_ll2_TRUE.phy, 0.25114169769769745 0.001 0.744
3_-2-tryfinal_fa1_ll3_TRUE.phy, 0.2552218086099355 0.001 0.742742742743
3_-2-tryfinal_fa1_ll4_TRUE.phy, 0.2529751840266024 0.000999000999 0.767
3_-3-tryfinal_fa1_hh0_TRUE.phy, 0.1212995455215457 0.001 0.596
3_-3-tryfinal_fa1_hh1_TRUE.phy, 0.11688748831865726 0.000998003992 0.582834331337
3_-3-tryfinal_fa1_hh2_TRUE.phy, 0.11361948205603827 0.000993048659 0.585
3_-3-tryfinal_fa1_hh3_TRUE.phy, 0.11100085285285285 0.001 0.598
3_-3-tryfinal_fa1_hh4_TRUE.phy, 0.11525313251216981 0.001 0.598
3_-3-tryfinal_fa1_ll0_TRUE.phy, 0.10965339539539515 0.001 0.569
3_-3-tryfinal_fa1_ll1_TRUE.phy, 0.11260826226226238 0.001 0.579
3_-3-tryfinal_fa1_ll2_TRUE.phy, 0.11330707996060256 0.001 0.594
3_-3-tryfinal_fa1_ll3_TRUE.phy, 0.11176240040040035 0.001 0.576
3_-3-tryfinal_fa1_ll4_TRUE.phy, 0.11462528128128109 0.001 0.593
3_-4-tryfinal_fa1_hh0_TRUE.phy, 0.04590485085085086 0.001 0.303
3_-4-tryfinal_fa1_hh1_TRUE.phy, 0.04336520732056651 0.001 0.317
3_-4-tryfinal_fa1_hh2_TRUE.phy, 0.04315463863863858 0.001 0.295
3_-4-tryfinal_fa1_hh3_TRUE.phy, 0.04233157357357354 0.001 0.325
3_-4-tryfinal_fa1_hh4_TRUE.phy, 0.040997187187187215 0.001 0.315
3_-4-tryfinal_fa1_ll0_TRUE.phy, 0.041559465465465614 0.001 0.329
3_-4-tryfinal_fa1_ll1_TRUE.phy, 0.04562646021246028 0.000999000999 0.307
3_-4-tryfinal_fa1_ll2_TRUE.phy, 0.03918131531531519 0.001 0.294
3_-4-tryfinal_fa1_ll3_TRUE.phy, 0.044497701701701635 0.001 0.316
3_-4-tryfinal_fa1_ll4_TRUE.phy, 0.04668830430430448 0.001 0.335
3_0-tryfinal_fa1_hh0_TRUE.phy, 0.5518184218465028 0.000999000999 0.805194805195
3_0-tryfinal_fa1_hh1_TRUE.phy, 0.5514637796340248 0.000999000999 0.799200799201
3_0-tryfinal_fa1_hh2_TRUE.phy, 0.5506284906527634 0.001001001001 0.801810865191
3_0-tryfinal_fa1_hh3_TRUE.phy, 0.5518786725465101 0.000999000999 0.805805805806
3_0-tryfinal_fa1_hh4_TRUE.phy, 0.5524669512051001 0.000997008973 0.805
3_0-tryfinal_fa1_ll0_TRUE.phy, 0.5517903709616592 0.000997008973 0.807
3_0-tryfinal_fa1_ll1_TRUE.phy, 0.5491706328476847 0.001 0.798798798799
3_0-tryfinal_fa1_ll2_TRUE.phy, 0.5515284197485356 0.001 0.807
3_0-tryfinal_fa1_ll3_TRUE.phy, 0.5527516514837688 0.001 0.8
3_0-tryfinal_fa1_ll4_TRUE.phy, 0.5532281884907531 0.001 0.8
3_1-tryfinal_fa1_hh0_TRUE.phy, 0.5961197047120949 0.000999000999 0.808
3_1-tryfinal_fa1_hh1_TRUE.phy, 0.5958941307661291 0.000996015936 0.806613226453
3_1-tryfinal_fa1_hh2_TRUE.phy, 0.5966199833788242 0.001 0.813813813814
3_1-tryfinal_fa1_hh3_TRUE.phy, 0.5957650411365814 0.000998003992 0.806387225549
3_1-tryfinal_fa1_hh4_TRUE.phy, 0.59583987059085 0.001998001998 0.813627254509
3_1-tryfinal_fa1_ll0_TRUE.phy, 0.5963305633156819 0.001 0.809045226131
3_1-tryfinal_fa1_ll1_TRUE.phy, 0.5958548826475002 0.001 0.814
3_1-tryfinal_fa1_ll2_TRUE.phy, 0.5967128251815114 0.001 0.805
3_1-tryfinal_fa1_ll3_TRUE.phy, 0.5958382804472594 0.000999000999 0.808
3_1-tryfinal_fa1_ll4_TRUE.phy, 0.5959709011125766 0.001 0.808
3_2-tryfinal_fa1_hh0_TRUE.phy, 0.603706681478316 0.001012145749 0.808808808809
3_2-tryfinal_fa1_hh1_TRUE.phy, 0.60411285538638 0.006 0.806875631951
3_2-tryfinal_fa1_hh2_TRUE.phy, 0.6039138818083856 0.000998003992 0.811377245509
3_2-tryfinal_fa1_hh3_TRUE.phy, 0.6038739596775988 0.001 0.806
3_2-tryfinal_fa1_hh4_TRUE.phy, 0.6040218148732177 0.000999000999 0.808
3_2-tryfinal_fa1_hl0_TRUE.phy, 0.6037644035981441 0.000968054211 0.868965517241
3_2-tryfinal_fa1_lh0_TRUE.phy, 0.6038730139765721 0.002125398512 1.0
3_2-tryfinal_fa1_ll0_TRUE.phy, 0.6037126306099139 0.001009081736 0.812187812188
3_2-tryfinal_fa1_ll1_TRUE.phy, 0.6040917756311396 0.001001001001 0.814814814815
3_2-tryfinal_fa1_ll2_TRUE.phy, 0.6042360515330436 0.00099009901 0.807265388496
3_2-tryfinal_fa1_ll3_TRUE.phy, 0.6038090554220062 0.000996015936 0.807
3_2-tryfinal_fa1_ll4_TRUE.phy, 0.6038887557927304 0.000993048659 0.810327706058
3_3-tryfinal_fa1_hh0_TRUE.phy, 0.6059122237237122 0.000982318271 0.806419257773
3_3-tryfinal_fa1_hh1_TRUE.phy, 0.6056058212276516 0.000994035785 0.819655521783
3_3-tryfinal_fa1_hh2_TRUE.phy, 0.6057694488596398 0.000995024876 0.80947476828
3_3-tryfinal_fa1_hh3_TRUE.phy, 0.6059466660637959 0.000981354269 0.810924369748
3_3-tryfinal_fa1_hh4_TRUE.phy, 0.6057935957095273 0.000981354269 0.815709969789
3_3-tryfinal_fa1_ll0_TRUE.phy, 0.6056475636597528 0.000981354269 0.814299900695
3_3-tryfinal_fa1_ll1_TRUE.phy, 0.6059796108786616 0.000980392157 0.811224489796
3_3-tryfinal_fa1_ll2_TRUE.phy, 0.6056950272046884 0.000995024876 0.805443548387
3_3-tryfinal_fa1_ll3_TRUE.phy, 0.6059245674255028 0.012145748988 0.805805805806
3_3-tryfinal_fa1_ll4_TRUE.phy, 0.6056471617865117 0.001002004008 0.811301715439
