filename,p-distance,min,max
3_-1-tryfinal_fa1_hh0_TRUE.phy, 0.039221684014051295 0.001 0.779559118236
3_-1-tryfinal_fa1_hh1_TRUE.phy, 0.039371730710725514 0.001 0.784
3_-1-tryfinal_fa1_hh2_TRUE.phy, 0.039795885100375045 0.001 0.775
3_-1-tryfinal_fa1_hh3_TRUE.phy, 0.03945318536586215 0.000996015936 0.778112449799
3_-1-tryfinal_fa1_hh4_TRUE.phy, 0.03999919719719717 0.001 0.79
3_-1-tryfinal_fa1_ll0_TRUE.phy, 0.03944306778563207 0.001 0.796
3_-1-tryfinal_fa1_ll1_TRUE.phy, 0.03955380946740748 0.001 0.785
3_-1-tryfinal_fa1_ll2_TRUE.phy, 0.039408382382382375 0.001 0.778
3_-1-tryfinal_fa1_ll3_TRUE.phy, 0.039335365365365374 0.001 0.78
3_-1-tryfinal_fa1_ll4_TRUE.phy, 0.03948710219516256 0.001 0.776
3_-2-tryfinal_fa1_hh0_TRUE.phy, 0.022705812633094475 0.001 0.694
3_-2-tryfinal_fa1_hh1_TRUE.phy, 0.023321489070093727 0.001 0.694
3_-2-tryfinal_fa1_hh2_TRUE.phy, 0.02236080750891265 0.001 0.692384769539
3_-2-tryfinal_fa1_hh3_TRUE.phy, 0.021796619108576963 0.001 0.687
3_-2-tryfinal_fa1_hh4_TRUE.phy, 0.02263532857506784 0.001 0.679358717435
3_-2-tryfinal_fa1_ll0_TRUE.phy, 0.02246641841841843 0.001 0.708
3_-2-tryfinal_fa1_ll1_TRUE.phy, 0.02333045445445444 0.001 0.699
3_-2-tryfinal_fa1_ll2_TRUE.phy, 0.02231304104104103 0.001 0.67
3_-2-tryfinal_fa1_ll3_TRUE.phy, 0.02318362442923386 0.001 0.697
3_-2-tryfinal_fa1_ll4_TRUE.phy, 0.023374636636636623 0.001 0.691
3_-3-tryfinal_fa1_hh0_TRUE.phy, 0.010021407407407408 0.001 0.435
3_-3-tryfinal_fa1_hh1_TRUE.phy, 0.010714200200200195 0.001 0.442
3_-3-tryfinal_fa1_hh2_TRUE.phy, 0.01051193965508613 0.001 0.419
3_-3-tryfinal_fa1_hh3_TRUE.phy, 0.010427703703703696 0.001 0.437
3_-3-tryfinal_fa1_hh4_TRUE.phy, 0.010139423423423423 0.001 0.432
3_-3-tryfinal_fa1_ll0_TRUE.phy, 0.010310228228228229 0.001 0.433
3_-3-tryfinal_fa1_ll1_TRUE.phy, 0.00961151551551552 0.001 0.425
3_-3-tryfinal_fa1_ll2_TRUE.phy, 0.010102262262262268 0.001 0.407
3_-3-tryfinal_fa1_ll3_TRUE.phy, 0.010506973790239573 0.001 0.459
3_-3-tryfinal_fa1_ll4_TRUE.phy, 0.010295251251251244 0.001 0.434
3_-4-tryfinal_fa1_hh0_TRUE.phy, 0.004061727251727251 0.001 0.205
3_-4-tryfinal_fa1_hh1_TRUE.phy, 0.00412756956956957 0.001 0.181
3_-4-tryfinal_fa1_hh2_TRUE.phy, 0.004137847847847845 0.001 0.206
3_-4-tryfinal_fa1_hh3_TRUE.phy, 0.004121455455455454 0.001 0.207
3_-4-tryfinal_fa1_hh4_TRUE.phy, 0.0038699339339339296 0.001 0.197
3_-4-tryfinal_fa1_ll0_TRUE.phy, 0.003843415415415416 0.001 0.211
3_-4-tryfinal_fa1_ll1_TRUE.phy, 0.003856044044044041 0.001 0.205
3_-4-tryfinal_fa1_ll2_TRUE.phy, 0.004010174174174172 0.001 0.212
3_-4-tryfinal_fa1_ll3_TRUE.phy, 0.003845281281281278 0.001 0.199
3_-4-tryfinal_fa1_ll4_TRUE.phy, 0.004120224224224223 0.001 0.207
3_0-tryfinal_fa1_hh0_TRUE.phy, 0.05162627001991131 0.001 0.801
3_0-tryfinal_fa1_hh1_TRUE.phy, 0.05168437600953103 0.001 0.794
3_0-tryfinal_fa1_hh2_TRUE.phy, 0.05176668543155267 0.001 0.7997997998
3_0-tryfinal_fa1_hh3_TRUE.phy, 0.051487397185726674 0.001 0.797
3_0-tryfinal_fa1_hh4_TRUE.phy, 0.05142412880585458 0.000983284169 0.790954773869
3_0-tryfinal_fa1_ll0_TRUE.phy, 0.05160929563621412 0.001 0.794
3_0-tryfinal_fa1_ll1_TRUE.phy, 0.051611042306299475 0.001 0.796
3_0-tryfinal_fa1_ll2_TRUE.phy, 0.05148709467151781 0.001 0.799
3_0-tryfinal_fa1_ll3_TRUE.phy, 0.051591069540585274 0.001 0.803
3_0-tryfinal_fa1_ll4_TRUE.phy, 0.05146882258565422 0.001 0.805
3_1-tryfinal_fa1_hh0_TRUE.phy, 0.056118428964563954 0.001 0.797
3_1-tryfinal_fa1_hh1_TRUE.phy, 0.055957363254980845 0.002002002002 0.795
3_1-tryfinal_fa1_hh2_TRUE.phy, 0.05607151618863349 0.004 0.804609218437
3_1-tryfinal_fa1_hh3_TRUE.phy, 0.05605451273000263 0.001994017946 0.804609218437
3_1-tryfinal_fa1_hh4_TRUE.phy, 0.056103347347770685 0.002 0.805
3_1-tryfinal_fa1_ll0_TRUE.phy, 0.05604988552075315 0.001 0.801810865191
3_1-tryfinal_fa1_ll1_TRUE.phy, 0.05608495971009036 0.002 0.797
3_1-tryfinal_fa1_ll2_TRUE.phy, 0.056034177909735465 0.002 0.802010050251
3_1-tryfinal_fa1_ll3_TRUE.phy, 0.056001300535549345 0.001 0.803
3_1-tryfinal_fa1_ll4_TRUE.phy, 0.05600684616333211 0.001004016064 0.795795795796
3_2-tryfinal_fa1_hh0_TRUE.phy, 0.057244517526318886 0.006048387097 0.808617234469
3_2-tryfinal_fa1_hh1_TRUE.phy, 0.05723065840936291 0.005040322581 0.806613226453
3_2-tryfinal_fa1_hh2_TRUE.phy, 0.0572154381109208 0.000999000999 0.799196787149
3_2-tryfinal_fa1_hh3_TRUE.phy, 0.05723281151604664 0.006036217304 0.800403225806
3_2-tryfinal_fa1_hh4_TRUE.phy, 0.05723876415083262 0.005988023952 0.805805805806
3_2-tryfinal_fa1_ll0_TRUE.phy, 0.05721350665422274 0.005015045135 0.802419354839
3_2-tryfinal_fa1_ll1_TRUE.phy, 0.05722015203430544 0.000995024876 0.807
3_2-tryfinal_fa1_ll2_TRUE.phy, 0.05721882167593442 0.005940594059 0.803
3_2-tryfinal_fa1_ll3_TRUE.phy, 0.05720322731067956 0.002997002997 0.801603206413
3_2-tryfinal_fa1_ll4_TRUE.phy, 0.05721807514997058 0.008040201005 0.806613226453
3_3-tryfinal_fa1_hh0_TRUE.phy, 0.057537496291423074 0.019427402863 0.800204918033
3_3-tryfinal_fa1_hh1_TRUE.phy, 0.05753442750922557 0.012096774194 0.805443548387
3_3-tryfinal_fa1_hh2_TRUE.phy, 0.05753966534720597 0.02 0.800407331976
3_3-tryfinal_fa1_hh3_TRUE.phy, 0.05755845672291684 0.000964320154 0.802566633761
3_3-tryfinal_fa1_hh4_TRUE.phy, 0.05753850108689259 0.001012145749 0.806818181818
3_3-tryfinal_fa1_ll0_TRUE.phy, 0.05753531787174156 0.002030456853 0.812368972746
3_3-tryfinal_fa1_ll1_TRUE.phy, 0.05754522070456849 0.018 0.8
3_3-tryfinal_fa1_ll2_TRUE.phy, 0.057554133716786034 0.015904572565 0.8017839445
3_3-tryfinal_fa1_ll3_TRUE.phy, 0.05751887634736005 0.021042084168 0.800200803213
3_3-tryfinal_fa1_ll4_TRUE.phy, 0.05754418351427845 0.022177419355 0.802208835341
