filename,p-distance,min,max
3_-1-tryfinal_fa1_hh0_TRUE.phy, 0.03532150103944869 0.000999000999 0.793380140421
3_-1-tryfinal_fa1_hh1_TRUE.phy, 0.035471900498753914 0.001 0.792792792793
3_-1-tryfinal_fa1_hh2_TRUE.phy, 0.03574029353891673 0.001 0.782782782783
3_-1-tryfinal_fa1_hh3_TRUE.phy, 0.03541380553865183 0.001 0.784
3_-1-tryfinal_fa1_hh4_TRUE.phy, 0.035722484336835836 0.001 0.775
3_-1-tryfinal_fa1_ll0_TRUE.phy, 0.03568418018018021 0.001 0.776
3_-1-tryfinal_fa1_ll1_TRUE.phy, 0.03552261829701192 0.001 0.78313253012
3_-1-tryfinal_fa1_ll2_TRUE.phy, 0.035812127704434635 0.001 0.782
3_-1-tryfinal_fa1_ll3_TRUE.phy, 0.0358557923108293 0.001 0.791
3_-1-tryfinal_fa1_ll4_TRUE.phy, 0.03538956316224856 0.001 0.774
3_-2-tryfinal_fa1_hh0_TRUE.phy, 0.02069571171171172 0.001 0.687
3_-2-tryfinal_fa1_hh1_TRUE.phy, 0.02107818218218219 0.001 0.694
3_-2-tryfinal_fa1_hh2_TRUE.phy, 0.02148621692161228 0.001001001001 0.698698698699
3_-2-tryfinal_fa1_hh3_TRUE.phy, 0.020814014014014014 0.001 0.682
3_-2-tryfinal_fa1_hh4_TRUE.phy, 0.020702784784784815 0.001 0.689
3_-2-tryfinal_fa1_ll0_TRUE.phy, 0.020900424324623707 0.000997008973 0.68
3_-2-tryfinal_fa1_ll1_TRUE.phy, 0.020186836836836846 0.001 0.698
3_-2-tryfinal_fa1_ll2_TRUE.phy, 0.0209253917340763 0.001 0.695
3_-2-tryfinal_fa1_ll3_TRUE.phy, 0.020182610843308385 0.001 0.683366733467
3_-2-tryfinal_fa1_ll4_TRUE.phy, 0.020129711711711712 0.001 0.683
3_-3-tryfinal_fa1_hh0_TRUE.phy, 0.008959471471471475 0.001 0.452
3_-3-tryfinal_fa1_hh1_TRUE.phy, 0.008614980980980983 0.001 0.446
3_-3-tryfinal_fa1_hh2_TRUE.phy, 0.009751387387387386 0.001 0.464
3_-3-tryfinal_fa1_hh3_TRUE.phy, 0.008491615615615618 0.001 0.416
3_-3-tryfinal_fa1_hh4_TRUE.phy, 0.008924642642642646 0.001 0.444
3_-3-tryfinal_fa1_ll0_TRUE.phy, 0.00919773973973974 0.001 0.434
3_-3-tryfinal_fa1_ll1_TRUE.phy, 0.00935664664664665 0.001 0.458
3_-3-tryfinal_fa1_ll2_TRUE.phy, 0.009349621621621623 0.001 0.448
3_-3-tryfinal_fa1_ll3_TRUE.phy, 0.009308808518227882 0.001 0.465
3_-3-tryfinal_fa1_ll4_TRUE.phy, 0.009570394394394397 0.001 0.431
3_-4-tryfinal_fa1_hh0_TRUE.phy, 0.0033855275275275253 0.001 0.229
3_-4-tryfinal_fa1_hh1_TRUE.phy, 0.003468208208208206 0.001 0.194
3_-4-tryfinal_fa1_hh2_TRUE.phy, 0.0035182435508580765 0.001 0.205
3_-4-tryfinal_fa1_hh3_TRUE.phy, 0.0034002862623579776 0.001 0.203
3_-4-tryfinal_fa1_hh4_TRUE.phy, 0.0036652232232232238 0.001 0.213
3_-4-tryfinal_fa1_ll0_TRUE.phy, 0.003342030030030029 0.001 0.211
3_-4-tryfinal_fa1_ll1_TRUE.phy, 0.0038295355355355376 0.001 0.221
3_-4-tryfinal_fa1_ll2_TRUE.phy, 0.00325832832832833 0.001 0.211
3_-4-tryfinal_fa1_ll3_TRUE.phy, 0.0034725945945945917 0.001 0.202
3_-4-tryfinal_fa1_ll4_TRUE.phy, 0.0037338538538538558 0.001 0.22
3_0-tryfinal_fa1_hh0_TRUE.phy, 0.046264546648629286 0.001 0.79
3_0-tryfinal_fa1_hh1_TRUE.phy, 0.04641017245255783 0.001 0.8
3_0-tryfinal_fa1_hh2_TRUE.phy, 0.04651106397699331 0.001 0.797
3_0-tryfinal_fa1_hh3_TRUE.phy, 0.04664246941520664 0.000997008973 0.801801801802
3_0-tryfinal_fa1_hh4_TRUE.phy, 0.04647435185932238 0.001 0.799
3_0-tryfinal_fa1_ll0_TRUE.phy, 0.04635554968446321 0.001 0.792
3_0-tryfinal_fa1_ll1_TRUE.phy, 0.046239177777188535 0.001 0.798
3_0-tryfinal_fa1_ll2_TRUE.phy, 0.04622888334194504 0.000996015936 0.786
3_0-tryfinal_fa1_ll3_TRUE.phy, 0.04626412260998731 0.001 0.798
3_0-tryfinal_fa1_ll4_TRUE.phy, 0.046278682148370075 0.001 0.791
3_1-tryfinal_fa1_hh0_TRUE.phy, 0.05040392447875282 0.000999000999 0.805
3_1-tryfinal_fa1_hh1_TRUE.phy, 0.05034641844948686 0.002 0.805
3_1-tryfinal_fa1_hh2_TRUE.phy, 0.050339298200737397 0.001998001998 0.802419354839
3_1-tryfinal_fa1_hh3_TRUE.phy, 0.05027196535871395 0.003003003003 0.802802802803
3_1-tryfinal_fa1_hh4_TRUE.phy, 0.05040885159270655 0.002988047809 0.794411177645
3_1-tryfinal_fa1_ll0_TRUE.phy, 0.05033415493533135 0.001996007984 0.801603206413
3_1-tryfinal_fa1_ll1_TRUE.phy, 0.050321068937317366 0.003 0.796
3_1-tryfinal_fa1_ll2_TRUE.phy, 0.0503562818599849 0.001 0.811
3_1-tryfinal_fa1_ll3_TRUE.phy, 0.05034164836196021 0.001 0.81
3_1-tryfinal_fa1_ll4_TRUE.phy, 0.05033422312268954 0.001007049345 0.802618328298
3_2-tryfinal_fa1_hh0_TRUE.phy, 0.05123090120249231 0.008016032064 0.803229061554
3_2-tryfinal_fa1_hh1_TRUE.phy, 0.05121327045978244 0.008 0.805194805195
3_2-tryfinal_fa1_hh2_TRUE.phy, 0.05119262855524819 0.009 0.80040526849
3_2-tryfinal_fa1_hh3_TRUE.phy, 0.05126347921581154 0.005952380952 0.808425275827
3_2-tryfinal_fa1_hh4_TRUE.phy, 0.05122654506162089 0.005 0.804413239719
3_2-tryfinal_fa1_ll0_TRUE.phy, 0.051246672186413614 0.010978043912 0.799599198397
3_2-tryfinal_fa1_ll1_TRUE.phy, 0.05125602544760339 0.012060301508 0.798174442191
3_2-tryfinal_fa1_ll2_TRUE.phy, 0.05124431529863201 0.005 0.79797979798
3_2-tryfinal_fa1_ll3_TRUE.phy, 0.05126504812676832 0.005923000987 0.802985074627
3_2-tryfinal_fa1_ll4_TRUE.phy, 0.051230094290850015 0.007042253521 0.797583081571
3_3-tryfinal_fa1_hh0_TRUE.phy, 0.05148046517425374 0.001034126163 0.799184505607
3_3-tryfinal_fa1_hh1_TRUE.phy, 0.051466772946321813 0.018867924528 0.804020100503
3_3-tryfinal_fa1_hh2_TRUE.phy, 0.051452136403222035 0.000992063492 0.80101010101
3_3-tryfinal_fa1_hh3_TRUE.phy, 0.051449932166674886 0.022682445759 0.805611222445
3_3-tryfinal_fa1_hh4_TRUE.phy, 0.05145339282731963 0.015325670498 0.801941747573
3_3-tryfinal_fa1_ll0_TRUE.phy, 0.05145360857565806 0.027108433735 0.806060606061
3_3-tryfinal_fa1_ll1_TRUE.phy, 0.05147487344147301 0.024217961655 0.806060606061
3_3-tryfinal_fa1_ll2_TRUE.phy, 0.05146011110224528 0.000995024876 0.799376299376
3_3-tryfinal_fa1_ll3_TRUE.phy, 0.05147137317625649 0.000997008973 0.803196803197
3_3-tryfinal_fa1_ll4_TRUE.phy, 0.05145934135211974 0.019940179462 0.799392097264
