nl,ei1,ei2,fp,fn,rf
100 97 93 0 4 0.021053
100 97 86 0 11 0.060109
100 97 85 0 12 0.065934
100 96 85 0 11 0.060773
100 96 86 0 10 0.054945
100 97 92 0 5 0.026455
100 97 80 0 17 0.096045
100 97 89 0 8 0.043011
100 97 91 0 6 0.031915
100 95 86 0 9 0.049724
100 97 84 0 13 0.071823
100 97 88 0 9 0.048649
100 97 91 0 6 0.031915
100 97 88 0 9 0.048649
100 97 91 0 6 0.031915
100 97 88 0 9 0.048649
100 97 85 0 12 0.065934
100 96 90 0 6 0.032258
100 97 85 0 12 0.065934
100 97 90 0 7 0.037433
100 97 91 0 6 0.031915
100 96 88 0 8 0.043478
100 96 89 0 7 0.037838
100 97 93 0 4 0.021053
100 97 90 0 7 0.037433
100 97 90 0 7 0.037433
100 97 91 0 6 0.031915
100 93 84 0 9 0.050847
100 97 88 0 9 0.048649
100 96 91 0 5 0.026738
100 95 93 0 2 0.010638
100 96 87 0 9 0.049180
100 97 91 0 6 0.031915
100 97 92 0 5 0.026455
100 96 93 0 3 0.015873
100 97 93 0 4 0.021053
100 96 90 0 6 0.032258
100 97 90 0 7 0.037433
100 96 91 0 5 0.026738
100 96 87 0 9 0.049180
100 97 92 0 5 0.026455
100 95 90 0 5 0.027027
100 97 94 0 3 0.015707
100 97 88 0 9 0.048649
100 96 87 0 9 0.049180
100 94 85 0 9 0.050279
100 96 93 0 3 0.015873
100 97 89 0 8 0.043011
100 95 92 0 3 0.016043
100 95 93 0 2 0.010638
100 95 92 0 3 0.016043
100 95 89 0 6 0.032609
100 94 85 0 9 0.050279
100 95 93 0 2 0.010638
100 94 91 0 3 0.016216
100 95 87 0 8 0.043956
100 96 90 0 6 0.032258
100 94 87 0 7 0.038674
100 96 91 0 5 0.026738
100 96 85 0 11 0.060773
