nl,ei1,ei2,fp,fn,rf
100 97 97 4 4 0.041237
100 97 97 11 11 0.113402
100 97 97 12 12 0.123711
100 96 97 12 11 0.119171
100 96 97 11 10 0.108808
100 97 97 5 5 0.051546
100 97 97 17 17 0.175258
100 97 97 8 8 0.082474
100 97 97 6 6 0.061856
100 95 97 11 9 0.104167
100 97 97 13 13 0.134021
100 97 97 9 9 0.092784
100 97 97 6 6 0.061856
100 97 97 9 9 0.092784
100 97 97 6 6 0.061856
100 97 97 9 9 0.092784
100 97 97 12 12 0.123711
100 96 97 7 6 0.067358
100 97 97 12 12 0.123711
100 97 97 7 7 0.072165
100 97 97 6 6 0.061856
100 96 97 9 8 0.088083
100 96 97 8 7 0.077720
100 97 97 4 4 0.041237
100 97 97 7 7 0.072165
100 97 97 7 7 0.072165
100 97 97 6 6 0.061856
100 93 97 13 9 0.115789
100 97 97 9 9 0.092784
100 96 97 6 5 0.056995
100 95 97 4 2 0.031250
100 96 97 10 9 0.098446
100 97 97 6 6 0.061856
100 97 97 5 5 0.051546
100 96 97 4 3 0.036269
100 97 97 4 4 0.041237
100 96 97 7 6 0.067358
100 97 97 7 7 0.072165
100 96 97 6 5 0.056995
100 96 97 10 9 0.098446
100 97 97 5 5 0.051546
100 95 97 7 5 0.062500
100 97 97 3 3 0.030928
100 97 97 9 9 0.092784
100 96 97 10 9 0.098446
100 94 97 12 9 0.109948
100 96 97 4 3 0.036269
100 97 97 8 8 0.082474
100 95 97 5 3 0.041667
100 95 97 4 2 0.031250
100 95 97 5 3 0.041667
100 95 97 8 6 0.072917
100 94 97 12 9 0.109948
100 95 97 4 2 0.031250
100 94 97 6 3 0.047120
100 95 97 10 8 0.093750
100 96 97 7 6 0.067358
100 94 97 10 7 0.089005
100 96 97 6 5 0.056995
100 96 97 12 11 0.119171
