filename,p-distance,min,max
3_-1-tryfinal_fa1_hh0_TRUE.phy, 0.0 1 0
3_-1-tryfinal_fa1_hh1_TRUE.phy, 0.5219980703949821 0.001 0.796593186373
3_-1-tryfinal_fa1_hh2_TRUE.phy, 0.5207982240660486 0.001 0.789
3_-1-tryfinal_fa1_hh3_TRUE.phy, 0.5298356950048828 0.001 0.785
3_-1-tryfinal_fa1_hh4_TRUE.phy, 0.526235803083442 0.001 0.792
3_-1-tryfinal_fa1_ll0_TRUE.phy, 0.5249879998083274 0.000998003992 0.786
3_-1-tryfinal_fa1_ll1_TRUE.phy, 0.5208054161225818 0.001 0.789
3_-1-tryfinal_fa1_ll2_TRUE.phy, 0.5275582567939655 0.000999000999 0.803212851406
3_-1-tryfinal_fa1_ll3_TRUE.phy, 0.5322476171899443 0.001 0.796
3_-1-tryfinal_fa1_ll4_TRUE.phy, 0.5233233309943442 0.001 0.785
3_-2-tryfinal_fa1_hh0_TRUE.phy, 0.3116562731140186 0.001 0.752
3_-2-tryfinal_fa1_hh1_TRUE.phy, 0.3134609719509592 0.000999000999 0.737
3_-2-tryfinal_fa1_hh2_TRUE.phy, 0.3126054154847493 0.001 0.764
3_-2-tryfinal_fa1_hh3_TRUE.phy, 0.3149750087062267 0.001 0.756294058409
3_-2-tryfinal_fa1_hh4_TRUE.phy, 0.29927080878814594 0.001 0.757
3_-2-tryfinal_fa1_ll0_TRUE.phy, 0.31478881152304056 0.000998003992 0.752
3_-2-tryfinal_fa1_ll1_TRUE.phy, 0.30453043085649856 0.000994035785 0.768
3_-2-tryfinal_fa1_ll2_TRUE.phy, 0.30939765199161395 0.001 0.744
3_-2-tryfinal_fa1_ll3_TRUE.phy, 0.31442420372589164 0.001 0.742742742743
3_-2-tryfinal_fa1_ll4_TRUE.phy, 0.3116564420305534 0.000999000999 0.767
3_-3-tryfinal_fa1_hh0_TRUE.phy, 0.14943673199657684 0.001 0.596
3_-3-tryfinal_fa1_hh1_TRUE.phy, 0.14400123422165326 0.000998003992 0.582834331337
3_-3-tryfinal_fa1_hh2_TRUE.phy, 0.13997516657292172 0.000993048659 0.585
3_-3-tryfinal_fa1_hh3_TRUE.phy, 0.13674910839807622 0.001 0.598
3_-3-tryfinal_fa1_hh4_TRUE.phy, 0.1419877659139939 0.001 0.598
3_-3-tryfinal_fa1_ll0_TRUE.phy, 0.135089088666913 0.001 0.569
3_-3-tryfinal_fa1_ll1_TRUE.phy, 0.13872937970156632 0.001 0.579
3_-3-tryfinal_fa1_ll2_TRUE.phy, 0.1395902982866469 0.001 0.594
3_-3-tryfinal_fa1_ll3_TRUE.phy, 0.13768730792946102 0.001 0.576
3_-3-tryfinal_fa1_ll4_TRUE.phy, 0.14121427549636184 0.001 0.593
3_-4-tryfinal_fa1_hh0_TRUE.phy, 0.05655314588728574 0.001 0.303
3_-4-tryfinal_fa1_hh1_TRUE.phy, 0.05342439525619182 0.001 0.317
3_-4-tryfinal_fa1_hh2_TRUE.phy, 0.05316498211863354 0.001 0.295
3_-4-tryfinal_fa1_hh3_TRUE.phy, 0.05215099519052901 0.001 0.325
3_-4-tryfinal_fa1_hh4_TRUE.phy, 0.05050707855469235 0.001 0.315
3_-4-tryfinal_fa1_ll0_TRUE.phy, 0.05119978542360359 0.001 0.329
3_-4-tryfinal_fa1_ll1_TRUE.phy, 0.056210178508136414 0.000999000999 0.307
3_-4-tryfinal_fa1_ll2_TRUE.phy, 0.048269988901220716 0.001 0.294
3_-4-tryfinal_fa1_ll3_TRUE.phy, 0.054819588111974266 0.001 0.316
3_-4-tryfinal_fa1_ll4_TRUE.phy, 0.05751833271673471 0.001 0.335
3_0-tryfinal_fa1_hh0_TRUE.phy, 0.6798206972803753 0.000999000999 0.805194805195
3_0-tryfinal_fa1_hh1_TRUE.phy, 0.6793837906701083 0.000999000999 0.799200799201
3_0-tryfinal_fa1_hh2_TRUE.phy, 0.6783547443113954 0.001001001001 0.801810865191
3_0-tryfinal_fa1_hh3_TRUE.phy, 0.6798949240029146 0.000999000999 0.805805805806
3_0-tryfinal_fa1_hh4_TRUE.phy, 0.680619662416938 0.000997008973 0.805
3_0-tryfinal_fa1_ll0_TRUE.phy, 0.6797861395865057 0.000997008973 0.807
3_0-tryfinal_fa1_ll1_TRUE.phy, 0.6765587152729523 0.001 0.798798798799
3_0-tryfinal_fa1_ll2_TRUE.phy, 0.6794634249954212 0.001 0.807
3_0-tryfinal_fa1_ll3_TRUE.phy, 0.6809704030488162 0.001 0.8
3_0-tryfinal_fa1_ll4_TRUE.phy, 0.6815574797166881 0.001 0.8
3_1-tryfinal_fa1_hh0_TRUE.phy, 0.7343983043622923 0.000999000999 0.808
3_1-tryfinal_fa1_hh1_TRUE.phy, 0.7341204052723675 0.000996015936 0.806613226453
3_1-tryfinal_fa1_hh2_TRUE.phy, 0.7350146299117589 0.001 0.813813813814
3_1-tryfinal_fa1_hh3_TRUE.phy, 0.733961371433524 0.000998003992 0.806387225549
3_1-tryfinal_fa1_hh4_TRUE.phy, 0.7340535586635332 0.001998001998 0.813627254509
3_1-tryfinal_fa1_ll0_TRUE.phy, 0.7346580746730376 0.001 0.809045226131
3_1-tryfinal_fa1_ll1_TRUE.phy, 0.7340720529841566 0.001 0.814
3_1-tryfinal_fa1_ll2_TRUE.phy, 0.7351290077152913 0.001 0.805
3_1-tryfinal_fa1_ll3_TRUE.phy, 0.7340515996631053 0.000999000999 0.808
3_1-tryfinal_fa1_ll4_TRUE.phy, 0.7342149836126083 0.001 0.808
3_2-tryfinal_fa1_hh0_TRUE.phy, 0.7437451902785025 0.001012145749 0.808808808809
3_2-tryfinal_fa1_hh1_TRUE.phy, 0.744245582107527 0.006 0.806875631951
3_2-tryfinal_fa1_hh2_TRUE.phy, 0.744000453726202 0.000998003992 0.811377245509
3_2-tryfinal_fa1_hh3_TRUE.phy, 0.7439512710789509 0.001 0.806
3_2-tryfinal_fa1_hh4_TRUE.phy, 0.7441334234287144 0.000999000999 0.808
3_2-tryfinal_fa1_hl0_TRUE.phy, 0.7438163018800665 0.000968054211 0.868965517241
3_2-tryfinal_fa1_lh0_TRUE.phy, 0.7439501060088736 0.002125398512 1.0
3_2-tryfinal_fa1_ll0_TRUE.phy, 0.7437525193973411 0.001009081736 0.812187812188
3_2-tryfinal_fa1_ll1_TRUE.phy, 0.7442196125977414 0.001001001001 0.814814814815
3_2-tryfinal_fa1_ll2_TRUE.phy, 0.7443973553847707 0.00099009901 0.807265388496
3_2-tryfinal_fa1_ll3_TRUE.phy, 0.7438713113412064 0.000996015936 0.807
3_2-tryfinal_fa1_ll4_TRUE.phy, 0.7439694993672927 0.000993048659 0.810327706058
3_3-tryfinal_fa1_hh0_TRUE.phy, 0.7464623399925867 0.000982318271 0.806419257773
3_3-tryfinal_fa1_hh1_TRUE.phy, 0.7460848629996596 0.000994035785 0.819655521783
3_3-tryfinal_fa1_hh2_TRUE.phy, 0.7462864464308547 0.000995024876 0.80947476828
3_3-tryfinal_fa1_hh3_TRUE.phy, 0.7465047717323123 0.000981354269 0.810924369748
3_3-tryfinal_fa1_hh4_TRUE.phy, 0.7463161944923145 0.000981354269 0.815709969789
3_3-tryfinal_fa1_ll0_TRUE.phy, 0.7461362881934801 0.000981354269 0.814299900695
3_3-tryfinal_fa1_ll1_TRUE.phy, 0.7465453585741557 0.000980392157 0.811224489796
3_3-tryfinal_fa1_ll2_TRUE.phy, 0.7461947615951211 0.000995024876 0.805443548387
3_3-tryfinal_fa1_ll3_TRUE.phy, 0.7464775469947925 0.012145748988 0.805805805806
3_3-tryfinal_fa1_ll4_TRUE.phy, 0.7461357930999201 0.001002004008 0.811301715439
