filename,p-distance,min,max
0-tryfinal_fa1_hh0_TRUE.phy, 0.6434309340368315 0.000666666667 0.791554959786
0-tryfinal_fa1_ll0_TRUE.phy, 0.6464178330289442 0.000666666667 0.787716955941
1-tryfinal_fa1_hh0_TRUE.phy, 0.7296155787479288 0.000664451827 0.793195463642
1-tryfinal_fa1_ll0_TRUE.phy, 0.7288304136413588 0.002 0.79653102068
2-tryfinal_fa1_hh0_TRUE.phy, 0.7451957737594199 0.000667111408 0.804551539491
2-tryfinal_fa1_ll0_TRUE.phy, 0.7449084088633358 0.000664451827 0.798532354903
3--1-tryfinal_fa1_hh0_TRUE.phy, 0.4652843012949929 0.000993048659 0.784784784785
3--1-tryfinal_fa1_hh1_TRUE.phy, 0.4707800319288105 0.001 0.786786786787
3--1-tryfinal_fa1_hh2_TRUE.phy, 0.4616274597066876 0.001 0.783
3--1-tryfinal_fa1_hh3_TRUE.phy, 0.45675066898067174 0.001 0.778
3--1-tryfinal_fa1_hh4_TRUE.phy, 0.456698018556236 0.001 0.780904522613
3--1-tryfinal_fa1_ll0_TRUE.phy, 0.45941483915998027 0.001 0.792510121457
3--1-tryfinal_fa1_ll1_TRUE.phy, 0.46578652892712524 0.001 0.780120481928
3--1-tryfinal_fa1_ll2_TRUE.phy, 0.4582082232390062 0.001 0.779116465863
3--1-tryfinal_fa1_ll3_TRUE.phy, 0.4604823194065355 0.000999000999 0.806
3--1-tryfinal_fa1_ll4_TRUE.phy, 0.4610497880776673 0.001 0.783567134269
3--2-tryfinal_fa1_hh0_TRUE.phy, 0.2518789023558135 0.000999000999 0.774
3--2-tryfinal_fa1_hh1_TRUE.phy, 0.24819413819168226 0.001 0.786573146293
3--2-tryfinal_fa1_hh2_TRUE.phy, 0.24997221586332624 0.001 0.766
3--2-tryfinal_fa1_hh3_TRUE.phy, 0.23830376097402337 0.001 0.777889447236
3--2-tryfinal_fa1_hh4_TRUE.phy, 0.24296479176069508 0.001 0.77
3--2-tryfinal_fa1_ll0_TRUE.phy, 0.24170009168785186 0.001 0.776
3--2-tryfinal_fa1_ll1_TRUE.phy, 0.25198074097155465 0.001 0.759
3--2-tryfinal_fa1_ll2_TRUE.phy, 0.25034243479860885 0.001 0.770623742455
3--2-tryfinal_fa1_ll3_TRUE.phy, 0.24739493667621235 0.001 0.765
3--2-tryfinal_fa1_ll4_TRUE.phy, 0.24396675293500036 0.001 0.772
3--3-tryfinal_fa1_hh0_TRUE.phy, 0.10232277228387916 0.001 0.716432865731
3--3-tryfinal_fa1_hh1_TRUE.phy, 0.10191549435727633 0.001 0.723
3--3-tryfinal_fa1_hh2_TRUE.phy, 0.11056233147537907 0.001 0.69
3--3-tryfinal_fa1_hh3_TRUE.phy, 0.10416849375261912 0.001 0.71
3--3-tryfinal_fa1_hh4_TRUE.phy, 0.11211770498082844 0.001 0.737
3--3-tryfinal_fa1_ll0_TRUE.phy, 0.10639640219899324 0.001 0.716
3--3-tryfinal_fa1_ll1_TRUE.phy, 0.10437011582221652 0.001 0.718
3--3-tryfinal_fa1_ll2_TRUE.phy, 0.10728867655026371 0.001 0.731
3--3-tryfinal_fa1_ll3_TRUE.phy, 0.10791542553393012 0.001 0.722
3--3-tryfinal_fa1_ll4_TRUE.phy, 0.10375441843719879 0.001 0.72
3--4-tryfinal_fa1_hh0_TRUE.phy, 0.03496490476966269 0.001 0.515
3--4-tryfinal_fa1_hh1_TRUE.phy, 0.03915501498452291 0.001 0.542
3--4-tryfinal_fa1_hh2_TRUE.phy, 0.041641498603844154 0.001 0.503
3--4-tryfinal_fa1_hh3_TRUE.phy, 0.039108814915567544 0.001 0.529
3--4-tryfinal_fa1_hh4_TRUE.phy, 0.037599094866616944 0.001 0.508
3--4-tryfinal_fa1_ll0_TRUE.phy, 0.04031425443000077 0.001 0.532
3--4-tryfinal_fa1_ll1_TRUE.phy, 0.043555405949060357 0.001 0.526
3--4-tryfinal_fa1_ll2_TRUE.phy, 0.04092380815264132 0.001 0.511
3--4-tryfinal_fa1_ll3_TRUE.phy, 0.03765587124297661 0.001 0.51
3--4-tryfinal_fa1_ll4_TRUE.phy, 0.03631122910975643 0.001 0.505
3-0-tryfinal_fa1_hh0_TRUE.phy, 0.6448343479077686 0.001 0.805
3-0-tryfinal_fa1_hh1_TRUE.phy, 0.6446794290799067 0.001 0.802407221665
3-0-tryfinal_fa1_hh2_TRUE.phy, 0.6459318910846088 0.001 0.798
3-0-tryfinal_fa1_hh3_TRUE.phy, 0.6467690590988017 0.001 0.798
3-0-tryfinal_fa1_hh4_TRUE.phy, 0.6476582864641569 0.001 0.796
3-0-tryfinal_fa1_ll0_TRUE.phy, 0.6470171195806881 0.000991080278 0.804
3-0-tryfinal_fa1_ll1_TRUE.phy, 0.6500827463322825 0.001 0.805443548387
3-0-tryfinal_fa1_ll2_TRUE.phy, 0.6444914273626574 0.000997008973 0.805
3-0-tryfinal_fa1_ll3_TRUE.phy, 0.6482552939677533 0.001 0.801
3-0-tryfinal_fa1_ll4_TRUE.phy, 0.6484022996492327 0.001 0.802
3-1-tryfinal_fa1_hh0_TRUE.phy, 0.7292921997838367 0.000986193294 0.813
3-1-tryfinal_fa1_hh1_TRUE.phy, 0.7293745962128831 0.000988142292 0.804
3-1-tryfinal_fa1_hh2_TRUE.phy, 0.7293979226299784 0.001006036217 0.813576494428
3-1-tryfinal_fa1_hh3_TRUE.phy, 0.7299455334715725 0.000995024876 0.81
3-1-tryfinal_fa1_hh4_TRUE.phy, 0.7290741005255622 0.000996015936 0.808
3-1-tryfinal_fa1_ll0_TRUE.phy, 0.7302376587081044 0.000996015936 0.81
3-1-tryfinal_fa1_ll1_TRUE.phy, 0.7290416249992002 0.001 0.807
3-1-tryfinal_fa1_ll2_TRUE.phy, 0.7291226855251792 0.002 0.805
3-1-tryfinal_fa1_ll3_TRUE.phy, 0.7297647846995803 0.001 0.805805805806
3-1-tryfinal_fa1_ll4_TRUE.phy, 0.7288973850835848 0.001 0.804020100503
3-2-tryfinal_fa1_hh0_TRUE.phy, 0.7449176442259825 0.001001001001 0.810810810811
3-2-tryfinal_fa1_hh1_TRUE.phy, 0.7448039517727008 0.001 0.811301715439
3-2-tryfinal_fa1_hh2_TRUE.phy, 0.744938035068802 0.001953125 0.808
3-2-tryfinal_fa1_hh3_TRUE.phy, 0.7449003080736127 0.001003009027 0.807615230461
3-2-tryfinal_fa1_hh4_TRUE.phy, 0.7449143879969131 0.001002004008 0.816032887975
3-2-tryfinal_fa1_ll0_TRUE.phy, 0.7449957547349517 0.001 0.807653575025
3-2-tryfinal_fa1_ll1_TRUE.phy, 0.7448402791950652 0.001 0.812627291242
3-2-tryfinal_fa1_ll2_TRUE.phy, 0.7450553433439946 0.001 0.816
3-2-tryfinal_fa1_ll3_TRUE.phy, 0.7448935853066024 0.001001001001 0.809
3-2-tryfinal_fa1_ll4_TRUE.phy, 0.7451299921376615 0.001 0.811111111111
3-3-tryfinal_fa1_hh0_TRUE.phy, 0.7467433615405799 0.000991080278 0.810431293882
3-3-tryfinal_fa1_hh1_TRUE.phy, 0.746734776756041 0.000968054211 0.807497467072
3-3-tryfinal_fa1_hh2_TRUE.phy, 0.7470334585913664 0.000988142292 0.811740890688
3-3-tryfinal_fa1_hh3_TRUE.phy, 0.7470097101890162 0.001 0.806981519507
3-3-tryfinal_fa1_hh4_TRUE.phy, 0.7468276733223917 0.000999000999 0.814141414141
3-3-tryfinal_fa1_ll0_TRUE.phy, 0.7469106120127625 0.000991080278 0.809
3-3-tryfinal_fa1_ll1_TRUE.phy, 0.7470316145358165 0.001 0.807615230461
3-3-tryfinal_fa1_ll2_TRUE.phy, 0.746910622495863 0.000993048659 0.809
3-3-tryfinal_fa1_ll3_TRUE.phy, 0.7469566331050124 0.000991080278 0.814024390244
3-3-tryfinal_fa1_ll4_TRUE.phy, 0.7468324729851891 0.001 0.819374369324
3_3-tryfinal_fa1_ll0_TRUE.phy, 0.5732166772499543 0.000999000999 0.808383233533
