filename,p-distance,min,max
3_-1-tryfinal_fa1_hh0_TRUE.phy, 0.5120915383044907 0.000999000999 0.793380140421
3_-1-tryfinal_fa1_hh1_TRUE.phy, 0.5142720314378306 0.001 0.792792792793
3_-1-tryfinal_fa1_hh2_TRUE.phy, 0.5181631968969003 0.001 0.782782782783
3_-1-tryfinal_fa1_hh3_TRUE.phy, 0.5134297700216698 0.001 0.784
3_-1-tryfinal_fa1_hh4_TRUE.phy, 0.5179049988752648 0.001 0.775
3_-1-tryfinal_fa1_ll0_TRUE.phy, 0.5173496647606889 0.001 0.776
3_-1-tryfinal_fa1_ll1_TRUE.phy, 0.5150073386746424 0.001 0.78313253012
3_-1-tryfinal_fa1_ll2_TRUE.phy, 0.5192046494750849 0.001 0.782
3_-1-tryfinal_fa1_ll3_TRUE.phy, 0.5198376994531458 0.001 0.791
3_-1-tryfinal_fa1_ll4_TRUE.phy, 0.513078303762899 0.001 0.774
3_-2-tryfinal_fa1_hh0_TRUE.phy, 0.30004667227817616 0.001 0.687
3_-2-tryfinal_fa1_hh1_TRUE.phy, 0.305591733666154 0.001 0.694
3_-2-tryfinal_fa1_hh2_TRUE.phy, 0.3115074261267621 0.001001001001 0.698698698699
3_-2-tryfinal_fa1_hh3_TRUE.phy, 0.30176182045104927 0.001 0.682
3_-2-tryfinal_fa1_hh4_TRUE.phy, 0.30014921777494025 0.001 0.689
3_-2-tryfinal_fa1_ll0_TRUE.phy, 0.30301459815254234 0.000997008973 0.68
3_-2-tryfinal_fa1_ll1_TRUE.phy, 0.29266899834557236 0.001 0.698
3_-2-tryfinal_fa1_ll2_TRUE.phy, 0.30337657594900624 0.001 0.695
3_-2-tryfinal_fa1_ll3_TRUE.phy, 0.29260772984159694 0.001 0.683366733467
3_-2-tryfinal_fa1_ll4_TRUE.phy, 0.291840797608336 0.001 0.683
3_-3-tryfinal_fa1_hh0_TRUE.phy, 0.12989452297332602 0.001 0.452
3_-3-tryfinal_fa1_hh1_TRUE.phy, 0.12490009578266047 0.001 0.446
3_-3-tryfinal_fa1_hh2_TRUE.phy, 0.1413757292543465 0.001 0.464
3_-3-tryfinal_fa1_hh3_TRUE.phy, 0.12311154326183502 0.001 0.416
3_-3-tryfinal_fa1_hh4_TRUE.phy, 0.12938957420253683 0.001 0.444
3_-3-tryfinal_fa1_ll0_TRUE.phy, 0.13334893913447304 0.001 0.434
3_-3-tryfinal_fa1_ll1_TRUE.phy, 0.1356527733433954 0.001 0.458
3_-3-tryfinal_fa1_ll2_TRUE.phy, 0.13555092444779845 0.001 0.448
3_-3-tryfinal_fa1_ll3_TRUE.phy, 0.1349592155938475 0.001 0.465
3_-3-tryfinal_fa1_ll4_TRUE.phy, 0.138751690709082 0.001 0.431
3_-4-tryfinal_fa1_hh0_TRUE.phy, 0.049083417989725105 0.001 0.229
3_-4-tryfinal_fa1_hh1_TRUE.phy, 0.05028212347255678 0.001 0.194
3_-4-tryfinal_fa1_hh2_TRUE.phy, 0.05100753645991958 0.001 0.205
3_-4-tryfinal_fa1_hh3_TRUE.phy, 0.04929739030121643 0.001 0.203
3_-4-tryfinal_fa1_hh4_TRUE.phy, 0.05313844948190289 0.001 0.213
3_-4-tryfinal_fa1_ll0_TRUE.phy, 0.0484527907584245 0.001 0.211
3_-4-tryfinal_fa1_ll1_TRUE.phy, 0.055520651322091 0.001 0.221
3_-4-tryfinal_fa1_ll2_TRUE.phy, 0.04723928250079821 0.001 0.211
3_-4-tryfinal_fa1_ll3_TRUE.phy, 0.05034571735407653 0.001 0.202
3_-4-tryfinal_fa1_ll4_TRUE.phy, 0.054133457173540796 0.001 0.22
3_0-tryfinal_fa1_hh0_TRUE.phy, 0.670743942501098 0.001 0.79
3_0-tryfinal_fa1_hh1_TRUE.phy, 0.6728552271225332 0.001 0.8
3_0-tryfinal_fa1_hh2_TRUE.phy, 0.6743179536327217 0.001 0.797
3_0-tryfinal_fa1_hh3_TRUE.phy, 0.6762230712244425 0.000997008973 0.801801801802
3_0-tryfinal_fa1_hh4_TRUE.phy, 0.6737857009181067 0.001 0.799
3_0-tryfinal_fa1_ll0_TRUE.phy, 0.6720633055870135 0.001 0.792
3_0-tryfinal_fa1_ll1_TRUE.phy, 0.6703761443039988 0.001 0.798
3_0-tryfinal_fa1_ll2_TRUE.phy, 0.6702268954605274 0.000996015936 0.786
3_0-tryfinal_fa1_ll3_TRUE.phy, 0.6707377947838696 0.001 0.798
3_0-tryfinal_fa1_ll4_TRUE.phy, 0.670948879142915 0.001 0.791
3_1-tryfinal_fa1_hh0_TRUE.phy, 0.7307566910613599 0.000999000999 0.805
3_1-tryfinal_fa1_hh1_TRUE.phy, 0.7299229679714012 0.002 0.805
3_1-tryfinal_fa1_hh2_TRUE.phy, 0.7298197385211254 0.001998001998 0.802419354839
3_1-tryfinal_fa1_hh3_TRUE.phy, 0.7288435461840077 0.003003003003 0.802802802803
3_1-tryfinal_fa1_hh4_TRUE.phy, 0.730828124417523 0.002988047809 0.794411177645
3_1-tryfinal_fa1_ll0_TRUE.phy, 0.7297451713986595 0.001996007984 0.801603206413
3_1-tryfinal_fa1_ll1_TRUE.phy, 0.7295554504452448 0.003 0.796
3_1-tryfinal_fa1_ll2_TRUE.phy, 0.7300659678130338 0.001 0.811
3_1-tryfinal_fa1_ll3_TRUE.phy, 0.7298538111862283 0.001 0.81
3_1-tryfinal_fa1_ll4_TRUE.phy, 0.7297461599797819 0.001007049345 0.802618328298
3_2-tryfinal_fa1_hh0_TRUE.phy, 0.7427462093473692 0.008016032064 0.803229061554
3_2-tryfinal_fa1_hh1_TRUE.phy, 0.7424905986317978 0.008 0.805194805195
3_2-tryfinal_fa1_hh2_TRUE.phy, 0.7421913320566126 0.009 0.80040526849
3_2-tryfinal_fa1_hh3_TRUE.phy, 0.7432185257683762 0.005952380952 0.808425275827
3_2-tryfinal_fa1_hh4_TRUE.phy, 0.7426830539656818 0.005 0.804413239719
3_2-tryfinal_fa1_ll0_TRUE.phy, 0.7429748572581082 0.010978043912 0.799599198397
3_2-tryfinal_fa1_ll1_TRUE.phy, 0.743110460949058 0.012060301508 0.798174442191
3_2-tryfinal_fa1_ll2_TRUE.phy, 0.7429406870712765 0.005 0.79797979798
3_2-tryfinal_fa1_ll3_TRUE.phy, 0.7432412718579158 0.005923000987 0.802985074627
3_2-tryfinal_fa1_ll4_TRUE.phy, 0.7427345107328703 0.007042253521 0.797583081571
3_3-tryfinal_fa1_hh0_TRUE.phy, 0.7463643907508706 0.001034126163 0.799184505607
3_3-tryfinal_fa1_hh1_TRUE.phy, 0.746165880668962 0.018867924528 0.804020100503
3_3-tryfinal_fa1_hh2_TRUE.phy, 0.7459536798946218 0.000992063492 0.80101010101
3_3-tryfinal_fa1_hh3_TRUE.phy, 0.7459217228471862 0.022682445759 0.805611222445
3_3-tryfinal_fa1_hh4_TRUE.phy, 0.7459718955459947 0.015325670498 0.801941747573
3_3-tryfinal_fa1_ll0_TRUE.phy, 0.7459750234679476 0.027108433735 0.806060606061
3_3-tryfinal_fa1_ll1_TRUE.phy, 0.7462833217431216 0.024217961655 0.806060606061
3_3-tryfinal_fa1_ll2_TRUE.phy, 0.746069297175036 0.000995024876 0.799376299376
3_3-tryfinal_fa1_ll3_TRUE.phy, 0.7462325748567648 0.000997008973 0.803196803197
3_3-tryfinal_fa1_ll4_TRUE.phy, 0.7460581373286451 0.019940179462 0.799392097264
