average min max
1 
1 0.06921518688500607 0.001886792453 0.116037735849
1 0.02771406123104437 0.000943396226 0.056603773585
1 0.006616284208704372 0.000943396226 0.018867924528
1 0.0008888756679937648 0.000943396226 0.008490566038
1 0.00017128071461268324 0.000943396226 0.003773584906
1 3.208869245219521e-05 0.000943396226 0.001886792453
1 3.7735849039998993e-06 0.000943396226 0.000943396226
1 1.8886811331331437e-06 0.000943396226 0.000943396226
1 0.0 1 0
1 0.0 1 0
2 
2 0.11425263853472342 0.002938295788 0.208619000979
2 0.034634691498601836 0.000979431929 0.074436826641
2 0.008181290006860032 0.000979431929 0.025465230167
2 0.002207037595671753 0.000979431929 0.009794319295
2 0.0001605503642015825 0.000979431929 0.002938295788
2 2.939276199361291e-05 0.000979431929 0.001958863859
2 1.9608246826826496e-06 0.000979431929 0.000979431929
2 0.0 1 0
2 0.0 1 0
2 0.0 1 0
3 
3 0.10357339774289029 0.001540832049 0.197226502311
3 0.031338046829589246 0.001540832049 0.084745762712
3 0.00589610257413994 0.001540832049 0.02311248074
3 0.0017010415654030722 0.001540832049 0.010785824345
3 0.0009739138212539686 0.001540832049 0.007704160247
3 2.77565701259695e-05 0.001540832049 0.004622496148
3 3.084748846846855e-06 0.001540832049 0.001540832049
3 0.0 1 0
3 0.0 1 0
3 0.0 1 0
4 
4 0.12488409419338195 0.002705139766 0.242560865645
4 0.034585913235165314 0.000901713255 0.081154192967
4 0.008160051846266954 0.000901713255 0.02434625789
4 0.0014021668195631151 0.000901713255 0.007213706041
4 0.00016762118291720337 0.000901713255 0.003606853021
4 3.970426692786793e-05 0.000901713255 0.00180342651
4 3.6104634834834553e-06 0.000901713255 0.00180342651
4 1.8052317417417285e-06 0.000901713255 0.000901713255
4 0.0 1 0
4 0.0 1 0
5 0.11993282610656904 0.001581027668 0.217391304348
5 0.04055498818973921 0.000790513834 0.091699604743
5 0.009284425927997003 0.000790513834 0.025296442688
5 0.0022911923781718017 0.000790513834 0.009486166008
5 0.00042170708258086354 0.000790513834 0.002371541502
5 2.2156543895895264e-05 0.000790513834 0.001581027668
5 4.747830834834628e-06 0.000790513834 0.001581027668
5 0.0 1 0
5 0.0 1 0
5 0.0 1 0
5 
