1 -0 
1 0 
1 -1 0.06921518688500607 0.001886792453 0.116037735849
1 1 0.12633205091884842 0.007547169811 0.180188679245
1 -2 0.02771406123104437 0.000943396226 0.056603773585
1 2 0.19508888888887935 0.030188679245 0.254716981132
1 -3 0.006616284208704372 0.000943396226 0.018867924528
1 3 0.26298740627420003 0.087735849057 0.320754716981
1 -4 0.0008888756679937648 0.000943396226 0.008490566038
1 4 0.297341843730517 0.144339622642 0.356603773585
1 -5 0.00017128071461268324 0.000943396226 0.003773584906
1 5 0.3440959657770926 0.195283018868 0.404716981132
1 -6 3.208869245219521e-05 0.000943396226 0.001886792453
1 6 0.37509069257937294 0.244339622642 0.432075471698
1 -7 3.7735849039998993e-06 0.000943396226 0.000943396226
1 7 0.42136874043855066 0.287735849057 0.47641509434
1 -8 1.8886811331331437e-06 0.000943396226 0.000943396226
1 8 0.4751100742251701 0.347169811321 0.531132075472
1 -9 0.0 1 0
1 9 0.4865179028084715 0.388679245283 0.543396226415
1 -10 0.0 1 0
1 10 
2 -0 
2 0 
2 -1 0.11425263853472342 0.002938295788 0.208619000979
2 1 0.2418433085387005 0.004897159647 0.35847208619
2 -2 0.034634691498601836 0.000979431929 0.074436826641
2 2 0.4355300138532257 0.047992164545 0.542605288932
2 -3 0.008181290006860032 0.000979431929 0.025465230167
2 3 0.5334567750904655 0.147894221352 0.617042115573
2 -4 0.002207037595671753 0.000979431929 0.009794319295
2 4 0.5972934521200971 0.304603330069 0.671890303624
2 -5 0.0001605503642015825 0.000979431929 0.002938295788
2 5 0.6559626992320406 0.428011753183 0.727717923604
2 -6 2.939276199361291e-05 0.000979431929 0.001958863859
2 6 0.6822321126219228 0.522037218413 0.745347698335
2 -7 1.9608246826826496e-06 0.000979431929 0.000979431929
2 7 0.6990754927307381 0.601371204701 0.765915768854
2 -8 0.0 1 0
2 8 0.7210219759426549 0.651322233105 0.784524975514
2 -9 0.0 1 0
2 9 0.72542815685422 0.653281096964 0.788442703232
2 -10 0.0 1 0
2 10 0.7315789913321815 0.667972575906 0.798237022527
3 -0 
3 0 
3 -1 0.10357339774289029 0.001540832049 0.197226502311
3 1 0.2345722949451676 0.009244992296 0.352850539291
3 -2 0.031338046829589246 0.001540832049 0.084745762712
3 2 0.38805013950776074 0.052388289676 0.497688751926
3 -3 0.00589610257413994 0.001540832049 0.02311248074
3 3 0.5009680497138093 0.137134052388 0.59938366718
3 -4 0.0017010415654030722 0.001540832049 0.010785824345
3 4 0.5681349084061013 0.26656394453 0.661016949153
3 -5 0.0009739138212539686 0.001540832049 0.007704160247
3 5 0.6185922162532336 0.416024653313 0.704160246533
3 -6 2.77565701259695e-05 0.001540832049 0.004622496148
3 6 0.6715329412617586 0.53312788906 0.744221879815
3 -7 3.084748846846855e-06 0.001540832049 0.001540832049
3 7 0.7042968176188743 0.583975346687 0.785824345146
3 -8 0.0 1 0
3 8 0.7171817148427525 0.631741140216 0.788906009245
3 -9 0.0 1 0
3 9 0.717602718280705 0.633281972265 0.790446841294
3 -10 0.0 1 0
3 10 0.7347359470410328 0.651771956857 0.813559322034
4 -0 
4 0 
4 -1 0.12488409419338195 0.002705139766 0.242560865645
4 1 0.30686885803747505 0.012623985573 0.452660054103
4 -2 0.034585913235165314 0.000901713255 0.081154192967
4 2 0.49590136394284184 0.040577096483 0.612263300271
4 -3 0.008160051846266954 0.000901713255 0.02434625789
4 3 0.6258889710269298 0.143372407574 0.714156898106
4 -4 0.0014021668195631151 0.000901713255 0.007213706041
4 4 0.6921555640401404 0.34265103697 0.765554553652
4 -5 0.00016762118291720337 0.000901713255 0.003606853021
4 5 0.7247533286216882 0.541027953111 0.786293958521
4 -6 3.970426692786793e-05 0.000901713255 0.00180342651
4 6 0.7350251152866242 0.613165013526 0.793507664563
4 -7 3.6104634834834553e-06 0.000901713255 0.00180342651
4 7 0.7439879771566097 0.678088367899 0.80522993688
4 -8 1.8052317417417285e-06 0.000901713255 0.000901713255
4 8 0.7465291549439538 0.684400360685 0.804328223625
4 -9 0.0 1 0
4 9 0.7473257712175758 0.68530207394 0.808836789901
4 -10 0.0 1 0
4 10 0.7490814024123411 0.68530207394 0.806131650135
5 -0 0.11993282610656904 0.001581027668 0.217391304348
5 0 
5 -1 0.04055498818973921 0.000790513834 0.091699604743
5 1 0.2874480931525267 0.011067193676 0.418972332016
5 -2 0.009284425927997003 0.000790513834 0.025296442688
5 2 0.47491747874368256 0.045849802372 0.588932806324
5 -3 0.0022911923781718017 0.000790513834 0.009486166008
5 3 0.5943215088606908 0.150988142292 0.675889328063
5 -4 0.00042170708258086354 0.000790513834 0.002371541502
5 4 0.6703720938328399 0.347826086957 0.733596837945
5 -5 2.2156543895895264e-05 0.000790513834 0.001581027668
5 5 0.6935167167166428 0.507509881423 0.75652173913
5 -6 4.747830834834628e-06 0.000790513834 0.001581027668
5 6 0.7198613760006839 0.625296442688 0.781818181818
5 -7 0.0 1 0
5 7 0.725998198989727 0.668774703557 0.782608695652
5 -8 0.0 1 0
5 8 0.7283620679970876 0.668774703557 0.788932806324
5 -9 0.0 1 0
5 9 0.7321570677399227 0.667984189723 0.786561264822
5 -10 
5 10 0.7332954693826719 0.670355731225 0.786561264822
