nl,ei1,ei2,fp,fn,rf
100 97 97 7 7 0.072165
100 97 97 9 9 0.092784
100 97 97 12 12 0.123711
100 96 97 13 12 0.129534
100 96 97 13 12 0.129534
100 97 97 5 5 0.051546
100 97 97 18 18 0.185567
100 97 97 7 7 0.072165
100 97 97 5 5 0.051546
100 95 97 9 7 0.083333
100 97 97 11 11 0.113402
100 97 97 8 8 0.082474
100 97 97 8 8 0.082474
100 97 97 8 8 0.082474
100 97 97 7 7 0.072165
100 97 97 8 8 0.082474
100 97 97 10 10 0.103093
100 96 97 9 8 0.088083
100 97 97 10 10 0.103093
100 97 97 9 9 0.092784
100 97 97 6 6 0.061856
100 96 97 8 7 0.077720
100 96 97 8 7 0.077720
100 97 97 4 4 0.041237
100 97 97 4 4 0.041237
100 97 97 6 6 0.061856
100 97 97 5 5 0.051546
100 93 97 11 7 0.094737
100 97 97 8 8 0.082474
100 96 97 6 5 0.056995
100 95 97 7 5 0.062500
100 96 97 12 11 0.119171
100 97 97 5 5 0.051546
100 97 97 4 4 0.041237
100 96 97 5 4 0.046632
100 97 97 6 6 0.061856
100 96 97 7 6 0.067358
100 97 97 7 7 0.072165
100 96 97 7 6 0.067358
100 96 97 6 5 0.056995
100 97 97 4 4 0.041237
100 95 97 9 7 0.083333
100 97 97 3 3 0.030928
100 97 97 11 11 0.113402
100 96 97 10 9 0.098446
100 94 97 10 7 0.089005
100 96 97 4 3 0.036269
100 97 97 7 7 0.072165
100 95 97 5 3 0.041667
100 95 97 4 2 0.031250
100 95 97 5 3 0.041667
100 95 97 8 6 0.072917
100 94 97 13 10 0.120419
100 95 97 5 3 0.041667
100 94 97 5 2 0.036649
100 95 97 10 8 0.093750
100 96 97 7 6 0.067358
100 94 97 11 8 0.099476
100 96 97 5 4 0.046632
100 96 97 10 9 0.098446
