497
497 405 0 92
497 419 0 78
497 396 0 101
497 412 0 85
497 401 0 96
497 407 0 90
497 409 0 88
497 400 0 97
497 387 0 110
497 408 0 89
497 402 0 95
497 393 0 104
497 410 0 87
497 411 0 86
497 405 0 92
497 412 0 85
497 409 0 88
497 406 0 91
497 402 0 95
497 389 0 108
497 411 0 86
497 405 0 92
497 416 0 81
497 410 0 87
497 412 0 85
497 400 0 97
497 413 0 84
497 412 0 85
497 412 0 85
497 421 0 76
497 417 0 80
497 406 0 91
497 420 0 77
497 409 0 88
497 415 0 82
497 418 0 79
497 400 0 97
497 405 0 92
497 421 0 76
497 395 0 102
497 410 0 87
497 408 0 89
497 403 0 94
497 408 0 89
497 407 0 90
497 427 0 70
497 411 0 86
497 407 0 90
497 417 0 80
497 414 0 83
497 418 0 79
497 396 0 101
497 420 0 77
497 417 0 80
497 414 0 83
497 415 0 82
497 415 0 82
497 404 0 93
497 409 0 88
497 399 0 98
497 427 0 70
497 437 0 60
497 442 0 55
497 433 0 64
497 439 0 58
497 427 0 70
497 435 0 62
497 439 0 58
497 433 0 64
497 430 0 67
497 433 0 64
497 430 0 67
497 431 0 66
497 425 0 72
497 436 0 61
497 420 0 77
497 431 0 66
497 428 0 69
497 421 0 76
497 425 0 72
497 417 0 80
497 423 0 74
497 422 0 75
497 417 0 80
497 432 0 65
497 431 0 66
497 418 0 79
497 430 0 67
497 428 0 69
497 416 0 81
497 424 0 73
497 425 0 72
497 414 0 83
497 424 0 73
497 418 0 79
497 438 0 59
497 435 0 62
497 420 0 77
497 449 0 48
497 436 0 61
