info threshold time loglikelihood ac ag at cg ct gt 
1000M1,R3 0.5 0.058584 -950101.738006 1.189669 3.347044 0.485813 1.087253 4.237536 1.000000
1000M1,R16 0.5 0.053146 -1018202.769742 1.160898 3.217668 0.491256 1.070654 4.127178 1.000000
1000M1,R2 0.5 0.078385 -979473.054065 1.195278 3.403430 0.480651 1.119804 4.119149 1.000000
1000M1,R9 0.5 0.055297 -954555.224294 1.158487 3.280189 0.476749 1.121534 4.226231 1.000000
1000M1,R17 0.5 0.057903 -959657.788349 1.233014 3.410017 0.497261 1.090814 4.217951 1.000000
1000M1,R8 0.5 0.059342 -960065.303134 1.133306 3.242308 0.481057 1.115810 4.110072 1.000000
1000M1,R0 0.5 0.088230 -960555.680263 1.179371 3.311913 0.515927 1.104003 4.233276 1.000000
1000M1,R6 0.5 0.087872 -960383.661217 1.176020 3.336695 0.526011 1.101677 4.237982 1.000000
1000M1,R7 0.5 0.064566 -970672.239934 1.204635 3.373632 0.535811 1.123074 4.321744 1.000000
1000M1,R19 0.5 0.065973 -1001616.756175 1.165638 3.366855 0.499340 1.130686 4.132712 1.000000
1000M1,R11 0.5 0.068673 -985937.358294 1.150479 3.231023 0.464869 1.110993 4.120489 1.000000
1000M1,R18 0.5 0.071227 -990942.007577 1.173043 3.234619 0.487627 1.121107 4.311270 1.000000
1000M1,R1 0.5 0.098711 -950822.781330 1.201883 3.375321 0.511945 1.121432 4.235542 1.000000
1000M1,R13 0.5 0.081502 -968407.150871 1.177808 3.294765 0.487824 1.110011 4.176696 1.000000
1000M1,R14 0.5 0.084683 -931092.639696 1.183847 3.342768 0.497325 1.077217 4.127874 1.000000
1000M1,R4 0.5 0.108944 -995141.648737 1.160418 3.252571 0.480239 1.073398 4.177317 1.000000
1000M1,R15 0.5 0.086227 -941887.011852 1.183350 3.393096 0.519019 1.088612 4.277144 1.000000
1000M1,R10 0.5 0.116554 -954672.989330 1.210240 3.342095 0.481928 1.154130 4.266965 1.000000
1000M1,R12 0.5 0.126515 -982585.702377 1.158696 3.335097 0.489560 1.143088 4.185839 1.000000
1000M1,R8 0.8 0.065164 -960066.981107 1.132832 3.238248 0.479931 1.115059 4.104980 1.000000
1000M1,R3 0.8 0.128499 -950105.807242 1.195230 3.358461 0.486853 1.092328 4.256847 1.000000
1000M1,R11 0.8 0.098187 -985931.209334 1.147305 3.220432 0.464981 1.106657 4.105508 1.000000
1000M1,R17 0.8 0.110608 -959672.880743 1.233913 3.409105 0.499270 1.090194 4.220801 1.000000
1000M1,R18 0.8 0.101984 -990944.888756 1.171721 3.235813 0.492442 1.118203 4.303250 1.000000
1000M1,R6 0.8 0.112648 -960388.133327 1.176447 3.340463 0.527245 1.096109 4.245950 1.000000
1000M1,R0 0.8 0.117136 -960562.769836 1.201037 3.377028 0.530957 1.132169 4.334311 1.000000
1000M1,R16 0.8 0.128081 -1018218.410164 1.161038 3.216968 0.492429 1.071289 4.125450 1.000000
1000M1,R1 0.8 0.108260 -950822.301949 1.201797 3.351445 0.506576 1.109866 4.228498 1.000000
1000M1,R9 0.8 0.130727 -954542.346341 1.139577 3.225257 0.467798 1.094989 4.133177 1.000000
1000M1,R19 0.8 0.126562 -1001633.205024 1.167366 3.375621 0.501255 1.134288 4.143412 1.000000
1000M1,R15 0.8 0.108349 -941879.005373 1.171535 3.354270 0.515174 1.071305 4.219477 1.000000
1000M1,R7 0.8 0.131739 -970653.064639 1.203633 3.360062 0.529419 1.114506 4.295058 1.000000
1000M1,R14 0.8 0.123619 -931091.591449 1.184402 3.342056 0.497941 1.077696 4.131720 1.000000
1000M1,R2 0.8 0.167829 -979450.247261 1.195228 3.401442 0.480370 1.119901 4.118818 1.000000
1000M1,R13 0.8 0.143503 -968390.336137 1.181122 3.302122 0.488784 1.113651 4.194666 1.000000
1000M1,R4 0.8 0.145033 -995142.047690 1.160673 3.257345 0.479052 1.074760 4.181806 1.000000
1000M1,R8 0.9 0.134410 -960062.215763 1.133966 3.242555 0.482113 1.118246 4.124414 1.000000
1000M1,R18 0.9 0.111724 -991010.173920 1.184937 3.277229 0.498296 1.141337 4.375575 1.000000
1000M1,R10 0.8 0.176344 -954673.676435 1.211778 3.345264 0.482064 1.153607 4.270607 1.000000
1000M1,R12 0.8 0.171631 -982584.580750 1.159926 3.344201 0.491646 1.147444 4.193844 1.000000
1000M1,R17 0.9 0.138729 -959669.143915 1.231927 3.401196 0.498475 1.088541 4.213734 1.000000
1000M1,R3 0.9 0.151696 -950108.418791 1.190864 3.342597 0.487190 1.083268 4.230051 1.000000
1000M1,R16 0.9 0.139524 -1018247.538760 1.162739 3.219616 0.492404 1.072249 4.127753 1.000000
1000M1,R3 0.5 0.058584 -950101.738006 1.189669 3.347044 0.485813 1.087253 4.237536 1.000000
1000M1,R3 0.8 0.128499 -950105.807242 1.195230 3.358461 0.486853 1.092328 4.256847 1.000000
1000M1,R3 0.9 0.151696 -950108.418791 1.190864 3.342597 0.487190 1.083268 4.230051 1.000000
1000M1,R19 0.9 0.128372 -1001640.418341 1.163342 3.361969 0.499068 1.126368 4.129320 1.000000
1000M1,R6 0.9 0.153902 -960396.323664 1.191888 3.378009 0.532297 1.118999 4.303158 1.000000
1000M1,R9 0.9 0.149530 -954569.231647 1.137889 3.233814 0.466370 1.092940 4.146512 1.000000
1000M1,R1 0.9 0.155237 -950845.659718 1.201940 3.372850 0.512151 1.120788 4.232155 1.000000
1000M1,R11 0.9 0.186214 -985939.332273 1.147380 3.225117 0.463821 1.111884 4.120751 1.000000
1000M1,R15 0.9 0.160246 -941854.225315 1.178035 3.360192 0.514980 1.078418 4.242107 1.000000
1000M1,R0 0.9 0.199058 -960592.444423 1.189928 3.340282 0.521239 1.117903 4.276852 1.000000
1000M1,R14 0.9 0.186152 -931094.601418 1.184475 3.340590 0.496408 1.076545 4.127584 1.000000
1000M1,R7 0.9 0.196774 -970669.295194 1.204237 3.358968 0.528741 1.117993 4.289590 1.000000
1000M1,R12 0.9 0.105919 -982591.198143 1.156538 3.331101 0.488951 1.140683 4.177417 1.000000
1000M1,R2 0.9 0.189832 -979456.511494 1.194358 3.402700 0.483025 1.118603 4.117002 1.000000
1000M1,R13 0.9 0.199277 -968396.102402 1.175931 3.285120 0.485606 1.105268 4.167817 1.000000
1000M1,R4 0.9 0.202194 -995137.984806 1.162102 3.260452 0.480966 1.075686 4.190922 1.000000
1000M1,R5 0.5 0.128368 -956539.027029 1.191553 3.361585 0.489318 1.131750 4.147993 1.000000
1000M1,R10 0.9 0.279233 -954669.471559 1.241190 3.436220 0.499759 1.195700 4.409746 1.000000
1000M1,R5 0.8 0.143517 -956538.685457 1.202943 3.405079 0.496871 1.147577 4.192250 1.000000
1000M1,R5 0.9 0.128136 -956569.994400 1.188192 3.369559 0.491521 1.135949 4.159458 1.000000
